5889 930028 : 0 1 3 4 5 2 7 8 9 6 | 2 6 0 5 8 3 1 9 4 7
41169 2329778 : 0 2 1 4 5 3 7 8 9 6 | 6 3 8 1 7 9 0 4 2 5
368067 1717963 : 1 0 3 2 5 6 4 8 9 7 | 4 7 5 9 0 2 8 1 6 3
368769 928755 : 1 0 3 4 5 2 7 8 9 6 | 2 6 0 3 9 7 1 5 8 4
368769 931274 : 1 0 3 4 5 2 7 8 9 6 | 2 6 0 8 4 7 1 5 3 9
368769 931995 : 1 0 3 4 5 2 7 8 9 6 | 2 6 0 9 4 7 1 5 8 3
404049 101475 : 1 2 0 4 5 3 7 8 9 6 | 0 3 6 1 9 7 2 5 8 4
404049 101501 : 1 2 0 4 5 3 7 8 9 6 | 0 3 6 1 9 8 2 7 5 4
404049 212954 : 1 2 0 4 5 3 7 8 9 6 | 0 6 3 2 8 7 1 5 4 9
404049 213075 : 1 2 0 4 5 3 7 8 9 6 | 0 6 3 2 9 7 1 5 8 4
404049 228816 : 1 2 0 4 5 3 7 8 9 6 | 0 6 7 3 8 9 1 2 4 5
404049 384676 : 1 2 0 4 5 3 7 8 9 6 | 1 0 6 4 3 8 2 9 5 7
404049 1270441 : 1 2 0 4 5 3 7 8 9 6 | 3 5 6 0 7 1 2 4 9 8
404049 1270562 : 1 2 0 4 5 3 7 8 9 6 | 3 5 6 0 8 1 2 7 4 9
404049 1326221 : 1 2 0 4 5 3 7 8 9 6 | 3 6 9 0 8 7 1 5 4 2
