45513 1687058 : 0 2 3 1 5 6 7 8 9 4 | 4 6 8 7 0 9 1 3 2 5
46113 1903458 : 0 2 3 4 1 6 7 8 9 5 | 5 2 1 7 8 0 9 3 4 6
368673 891731 : 1 0 3 4 2 6 7 8 9 5 | 2 5 0 9 6 1 4 8 7 3
404049 1326221 : 1 2 0 4 5 3 7 8 9 6 | 3 6 9 0 8 7 1 5 4 2
408393 143309 : 1 2 3 0 5 6 7 8 9 4 | 0 4 6 5 1 3 2 9 8 7
408393 148351 : 1 2 3 0 5 6 7 8 9 4 | 0 4 7 5 1 3 6 2 9 8
408393 153398 : 1 2 3 0 5 6 7 8 9 4 | 0 4 8 5 1 3 7 6 2 9
408393 158447 : 1 2 3 0 5 6 7 8 9 4 | 0 4 9 5 1 3 8 7 6 2
408393 374421 : 1 2 3 0 5 6 7 8 9 4 | 1 0 4 5 2 3 9 7 8 6
408393 1761896 : 1 2 3 0 5 6 7 8 9 4 | 4 8 6 5 0 3 2 7 1 9
408393 1766942 : 1 2 3 0 5 6 7 8 9 4 | 4 8 7 5 0 3 6 2 1 9
408993 138245 : 1 2 3 4 0 6 7 8 9 5 | 0 4 5 6 1 2 3 9 8 7
408993 171011 : 1 2 3 4 0 6 7 8 9 5 | 0 5 2 9 6 1 4 8 7 3
408993 195614 : 1 2 3 4 0 6 7 8 9 5 | 0 5 8 7 6 1 4 3 2 9
408993 200655 : 1 2 3 4 0 6 7 8 9 5 | 0 5 9 7 6 1 4 3 8 2
408993 201377 : 1 2 3 4 0 6 7 8 9 5 | 0 5 9 8 6 1 4 7 3 2
408993 381247 : 1 2 3 4 0 6 7 8 9 5 | 1 0 5 7 6 2 4 3 9 8
408993 382691 : 1 2 3 4 0 6 7 8 9 5 | 1 0 5 9 6 2 4 8 7 3
408993 2177183 : 1 2 3 4 0 6 7 8 9 5 | 5 9 8 7 6 0 4 3 2 1
