45507 373009 : 0 2 3 1 5 6 4 8 9 7 | 1 0 4 2 3 7 5 6 9 8
45507 453893 : 0 2 3 1 5 6 4 8 9 7 | 1 3 4 0 6 7 2 9 8 5
45507 511237 : 0 2 3 1 5 6 4 8 9 7 | 1 4 7 5 0 3 8 2 9 6
45507 511246 : 0 2 3 1 5 6 4 8 9 7 | 1 4 7 5 0 3 9 8 2 6
45507 511274 : 0 2 3 1 5 6 4 8 9 7 | 1 4 7 5 0 8 2 6 3 9
45507 511299 : 0 2 3 1 5 6 4 8 9 7 | 1 4 7 5 0 9 2 6 8 3
45507 511315 : 0 2 3 1 5 6 4 8 9 7 | 1 4 7 5 0 9 8 2 6 3
368067 134376 : 1 0 3 2 5 6 4 8 9 7 | 0 4 3 7 6 9 1 2 5 8
368067 850307 : 1 0 3 2 5 6 4 8 9 7 | 2 4 0 7 9 8 3 6 5 1
368067 865337 : 1 0 3 2 5 6 4 8 9 7 | 2 4 5 7 9 0 6 8 3 1
368067 870411 : 1 0 3 2 5 6 4 8 9 7 | 2 4 6 7 9 3 0 5 8 1
368067 870459 : 1 0 3 2 5 6 4 8 9 7 | 2 4 6 7 9 8 0 3 5 1
368067 872875 : 1 0 3 2 5 6 4 8 9 7 | 2 4 7 1 3 9 8 0 6 5
368067 874237 : 1 0 3 2 5 6 4 8 9 7 | 2 4 7 5 1 3 8 0 9 6
368067 874315 : 1 0 3 2 5 6 4 8 9 7 | 2 4 7 5 1 9 8 0 6 3
368067 875196 : 1 0 3 2 5 6 4 8 9 7 | 2 4 7 6 5 1 8 0 3 9
368067 1635934 : 1 0 3 2 5 6 4 8 9 7 | 4 5 6 7 0 8 9 3 1 2
368067 1717859 : 1 0 3 2 5 6 4 8 9 7 | 4 7 5 8 9 2 1 6 3 0
