849 5328 : 0 2 3 1 5 6 7 4 | 1 0 4 5 2 3 6 7
849 5329 : 0 2 3 1 5 6 7 4 | 1 0 4 5 2 3 7 6
849 21337 : 0 2 3 1 5 6 7 4 | 4 1 5 7 0 2 6 3
849 21796 : 0 2 3 1 5 6 7 4 | 4 2 1 6 0 7 3 5
5187 13003 : 1 0 3 4 2 6 7 5 | 2 5 0 3 7 1 6 4
5187 13044 : 1 0 3 4 2 6 7 5 | 2 5 0 6 4 1 3 7
5187 13075 : 1 0 3 4 2 6 7 5 | 2 5 0 7 6 1 4 3
5889 289 : 1 2 3 0 5 6 7 4 | 0 1 4 5 2 3 7 6
5889 2329 : 1 2 3 0 5 6 7 4 | 0 4 2 5 1 3 7 6
5889 2714 : 1 2 3 0 5 6 7 4 | 0 4 6 5 1 3 2 7
5889 2835 : 1 2 3 0 5 6 7 4 | 0 4 7 5 1 3 6 2
