147 11995 : 0 1 3 4 2 6 7 5 | 2 3 5 7 6 0 4 1
147 13043 : 0 1 3 4 2 6 7 5 | 2 5 0 6 3 7 4 1
747 8442 : 0 2 1 4 3 6 7 5 | 1 5 6 2 7 0 3 4
747 25555 : 0 2 1 4 3 6 7 5 | 5 0 3 7 6 1 4 2
5167 12333 : 1 0 3 2 5 4 7 6 | 2 4 0 6 7 3 5 1
5187 1013 : 1 0 3 4 2 6 7 5 | 0 2 4 5 1 7 6 3
5187 5809 : 1 0 3 4 2 6 7 5 | 1 2 0 5 3 4 7 6
5187 11580 : 1 0 3 4 2 6 7 5 | 2 3 0 5 6 1 4 7
5187 11581 : 1 0 3 4 2 6 7 5 | 2 3 0 5 6 1 7 4
5187 13030 : 1 0 3 4 2 6 7 5 | 2 5 0 4 7 6 1 3
5187 13035 : 1 0 3 4 2 6 7 5 | 2 5 0 6 1 4 7 3
5187 13059 : 1 0 3 4 2 6 7 5 | 2 5 0 7 1 4 6 3
5187 13075 : 1 0 3 4 2 6 7 5 | 2 5 0 7 6 1 4 3
5187 13496 : 1 0 3 4 2 6 7 5 | 2 5 6 3 1 4 0 7
5187 13667 : 1 0 3 4 2 6 7 5 | 2 5 7 6 1 4 3 0
