5793 169698 : 0 2 3 1 5 6 7 8 4 | 4 1 6 7 0 8 2 3 5
45513 11543 : 1 2 0 4 5 6 7 8 3 | 0 3 4 1 2 8 7 6 5
45513 143309 : 1 2 0 4 5 6 7 8 3 | 3 5 4 0 2 1 8 7 6
45513 148351 : 1 2 0 4 5 6 7 8 3 | 3 6 4 0 2 5 1 8 7
45513 149095 : 1 2 0 4 5 6 7 8 3 | 3 6 5 0 4 2 1 8 7
46113 18367 : 1 2 3 0 5 6 7 8 4 | 0 4 6 5 1 3 2 8 7
46113 19088 : 1 2 3 0 5 6 7 8 4 | 0 4 7 5 1 3 6 2 8
46113 19811 : 1 2 3 0 5 6 7 8 4 | 0 4 8 5 1 3 7 6 2
46113 42005 : 1 2 3 0 5 6 7 8 4 | 1 0 4 5 2 3 8 7 6
46113 195614 : 1 2 3 0 5 6 7 8 4 | 4 7 6 5 0 3 2 1 8
