5889 42005 : 0 2 3 4 1 6 7 8 5 | 1 0 4 5 2 3 8 7 6
5889 43034 : 0 2 3 4 1 6 7 8 5 | 1 0 5 7 6 2 4 3 8
5889 43155 : 0 2 3 4 1 6 7 8 5 | 1 0 5 8 6 2 4 7 3
41169 21796 : 1 0 3 4 2 6 7 8 5 | 0 5 3 2 7 1 8 4 6
41169 101021 : 1 0 3 4 2 6 7 8 5 | 2 5 0 3 8 1 7 6 4
41169 101209 : 1 0 3 4 2 6 7 8 5 | 2 5 0 6 4 1 3 8 7
41169 101354 : 1 0 3 4 2 6 7 8 5 | 2 5 0 7 6 1 4 3 8
41169 101475 : 1 0 3 4 2 6 7 8 5 | 2 5 0 8 6 1 4 7 3
41169 101501 : 1 0 3 4 2 6 7 8 5 | 2 5 0 8 7 1 6 4 3
41169 228816 : 1 0 3 4 2 6 7 8 5 | 5 6 2 7 8 0 1 3 4
45507 13075 : 1 2 0 4 5 3 7 8 6 | 0 3 6 1 8 7 2 5 4
