5187 51900 : 0 2 1 4 5 3 7 8 6 | 1 3 4 0 6 7 2 5 8
5187 51901 : 0 2 1 4 5 3 7 8 6 | 1 3 4 0 6 7 2 8 5
5187 123915 : 0 2 1 4 5 3 7 8 6 | 3 0 6 1 7 2 5 8 4
5187 123939 : 0 2 1 4 5 3 7 8 6 | 3 0 6 1 8 2 5 7 4
5187 128963 : 0 2 1 4 5 3 7 8 6 | 3 1 6 0 7 4 8 5 2
5187 134376 : 0 2 1 4 5 3 7 8 6 | 3 2 6 5 8 0 1 4 7
5187 139484 : 0 2 1 4 5 3 7 8 6 | 3 4 6 7 1 8 2 0 5
5187 144550 : 0 2 1 4 5 3 7 8 6 | 3 5 6 7 2 8 4 0 1
41067 96225 : 1 0 3 2 5 4 7 8 6 | 2 4 0 6 8 3 5 7 1
41067 98381 : 1 0 3 2 5 4 7 8 6 | 2 4 5 6 8 0 7 3 1
41067 108498 : 1 0 3 2 5 4 7 8 6 | 2 6 4 7 0 8 1 3 5
41067 110627 : 1 0 3 2 5 4 7 8 6 | 2 6 8 4 7 1 5 3 0
45507 10129 : 1 2 0 4 5 3 7 8 6 | 0 3 1 2 6 4 5 8 7
45507 11581 : 1 2 0 4 5 3 7 8 6 | 0 3 4 1 6 7 2 8 5
45507 13653 : 1 2 0 4 5 3 7 8 6 | 0 3 6 8 5 7 2 4 1
45507 13667 : 1 2 0 4 5 3 7 8 6 | 0 3 6 8 7 2 5 4 1
45507 53395 : 1 2 0 4 5 3 7 8 6 | 1 3 6 0 8 7 2 5 4
45507 144705 : 1 2 0 4 5 3 7 8 6 | 3 5 6 8 7 1 2 4 0
